0,0,0.0000
1474560,15,358.2634
2949120,30,348.6973
4423680,45,335.6627
5898240,60,310.4819
7372800,75,276.6022
8847360,90,219.8535
10321920,105,159.0576
11796480,120,111.8333
13271040,135,79.4272
14745600,150,59.0526
16220160,165,48.8913
17694720,180,43.3023
19169280,195,39.3933
20643840,210,38.0631
22118400,225,34.2749
23592960,240,33.1418
25067520,255,31.8324
26542080,270,29.9165
28016640,285,29.4863
29491200,300,27.6850
30965760,315,27.1439
32440320,330,26.2701
33914880,345,25.0878
35389440,360,24.1273
36864000,375,24.8680
38338560,390,22.5832
39813120,405,23.4294
41287680,420,21.2973
42762240,435,21.1626
44236800,450,21.8154
45711360,465,19.3429
47185920,480,18.7320
48660480,495,17.7556
50135040,510,16.9401
51609600,525,18.4099
53084160,540,16.8114
54558720,555,16.4838
56033280,570,16.8745
57507840,585,16.0402
58982400,600,15.2613
60456960,615,14.3881
61931520,630,13.6799
63406080,645,13.2200
64880640,660,12.9855
66355200,675,12.3233
67829760,690,12.3648
69304320,705,11.6726
70778880,720,11.9830
72253440,735,11.3829
73728000,750,9.9340
75202560,765,9.8619
76677120,780,9.4204
78151680,795,9.4873
79626240,810,9.6464
81100800,825,9.6267
82575360,840,7.9612
84049920,855,9.1428
85524480,870,8.5205
86999040,885,8.2579
88473600,900,8.6009
89948160,915,7.4010
91422720,930,7.1704
92897280,945,7.2163
94371840,960,6.6793
95846400,975,6.4230
97320960,990,6.7275
98795520,1005,6.6778
100270080,1020,6.4809
101744640,1035,5.9207
103219200,1050,6.3801
104693760,1065,5.8219
106168320,1080,6.1258
106168320,1080,0.0000
107642880,1095,4.9813
109117440,1110,5.7953
110592000,1125,5.4806
112066560,1140,5.4716
113541120,1155,5.8542
115015680,1170,5.6087
116490240,1185,5.4602
117964800,1200,5.0945
119439360,1215,4.8355
120913920,1230,5.1070
122388480,1245,4.7725
123863040,1260,4.8540
125337600,1275,4.9930
126812160,1290,4.7396
128286720,1305,4.7769
129761280,1320,5.1036
131235840,1335,5.0021
132710400,1350,4.5223
134184960,1365,4.8298
135659520,1380,4.6188
137134080,1395,4.6574
138608640,1410,4.9332
140083200,1425,4.2784
141557760,1440,4.6835
143032320,1455,4.5024
144506880,1470,4.2405
145981440,1485,4.6225
147456000,1500,4.4118
148930560,1515,4.2458
150405120,1530,4.6728
151879680,1545,4.6144
153354240,1560,4.4284
154828800,1575,4.5049
156303360,1590,4.3255
157777920,1605,4.6276
159252480,1620,4.4304
160727040,1635,4.4987
162201600,1650,4.3832
163676160,1665,4.4207
165150720,1680,4.6115
166625280,1695,4.3325
168099840,1710,4.3533
169574400,1725,4.3774
171048960,1740,4.4020
172523520,1755,4.3025
173998080,1770,4.4921
175472640,1785,4.3537
176947200,1800,4.3381
178421760,1815,4.4950
179896320,1830,4.0380
181370880,1845,4.1682
182845440,1860,3.9840
184320000,1875,4.4807
185794560,1890,4.1551
187269120,1905,4.2274
188743680,1920,4.0974
190218240,1935,4.1210
191692800,1950,4.5374
193167360,1965,4.0858
194641920,1980,4.4386
196116480,1995,4.3263
197591040,2010,4.2990
199065600,2025,4.3078
200540160,2040,4.1307
202014720,2055,4.1900
203489280,2070,4.4199
204963840,2085,4.0322
206438400,2100,4.1778
207912960,2115,4.1963
209387520,2130,4.4387
210862080,2145,4.2325
212336640,2160,4.1693
213811200,2175,4.1449
215285760,2190,4.2212
216760320,2205,4.1325
218234880,2220,4.1486
219709440,2235,4.2153
221184000,2250,4.2449
222658560,2265,4.0136
224133120,2280,4.3813
225607680,2295,4.0023
227082240,2310,4.1172
228556800,2325,4.3293
230031360,2340,4.2604
231505920,2355,4.3049
232980480,2370,3.9871
234455040,2385,4.2901
235929600,2400,3.9805
237404160,2415,4.6189
238878720,2430,4.0222
240353280,2445,4.0780
241827840,2460,4.1189
243302400,2475,4.0621
244776960,2490,4.4350
246251520,2505,4.4107
247726080,2520,4.2112
249200640,2535,4.1306
250675200,2550,4.2511
252149760,2565,3.8844
253624320,2580,4.1353
255098880,2595,3.9850
256573440,2610,4.0351
258048000,2625,4.5201
259522560,2640,4.3160
260997120,2655,4.0634
262471680,2670,3.9640
263946240,2685,3.8921
265420800,2700,4.0972
266895360,2715,3.9375
268369920,2730,4.1309
269844480,2745,3.8818
271319040,2760,4.1629
272793600,2775,3.8958
274268160,2790,3.9308
275742720,2805,4.2275
277217280,2820,4.1685
278691840,2835,4.1699
280166400,2850,3.9750
281640960,2865,4.2246
283115520,2880,4.1077
284590080,2895,4.0097
286064640,2910,4.2133
287539200,2925,4.0628
289013760,2940,3.9016
290488320,2955,4.3358
291962880,2970,4.0668
293437440,2985,4.4565
294912000,3000,4.1168
296386560,3015,4.5172
297861120,3030,4.2737
299335680,3045,4.1354
300810240,3060,4.3205
302284800,3075,4.1503
303759360,3090,4.2796
305233920,3105,3.8523
306708480,3120,4.0633
308183040,3135,4.0062
309657600,3150,4.2269
311132160,3165,4.2538
312606720,3180,3.8027
314081280,3195,4.0837
315555840,3210,3.9411
317030400,3225,4.3064
318504960,3240,3.9104
319979520,3255,4.1422
321454080,3270,3.8756
322928640,3285,3.8432
324403200,3300,4.4110
325877760,3315,3.9290
327352320,3330,4.2023
328826880,3345,3.9393
330301440,3360,3.9357
331776000,3375,3.9295
333250560,3390,4.1992
334725120,3405,4.1690
336199680,3420,4.1302
337674240,3435,4.0934
339148800,3450,4.0639
340623360,3465,4.1790
342097920,3480,4.1727
343572480,3495,4.2789
345047040,3510,4.1191
346521600,3525,4.4157
347996160,3540,4.0462
349470720,3555,4.0936
350945280,3570,4.1176
352419840,3585,4.1511
353894400,3600,4.1634
355368960,3615,4.2096
356843520,3630,4.0256
358318080,3645,4.1076
359792640,3660,3.6458
361267200,3675,4.0191
362741760,3690,3.9597
364216320,3705,4.2240
365690880,3720,4.1506
367165440,3735,4.4127
368640000,3750,3.9449
370114560,3765,3.8681
371589120,3780,4.0211
373063680,3795,4.4243
374538240,3810,4.0631
376012800,3825,4.0243
377487360,3840,4.1535
378961920,3855,3.9041
380436480,3870,4.1527
381911040,3885,3.9928
383385600,3900,3.9783
384860160,3915,3.8380
386334720,3930,3.7293
387809280,3945,3.9851
389283840,3960,4.1202
390758400,3975,3.9831
392232960,3990,3.9317
393707520,4005,4.2869
395182080,4020,3.9534
396656640,4035,4.0126
398131200,4050,4.2563
399605760,4065,4.0394
401080320,4080,4.1665
402554880,4095,3.7804
404029440,4110,4.0497
405504000,4125,4.5584
406978560,4140,4.0638
408453120,4155,3.7325
409927680,4170,4.1624
411402240,4185,3.9227
412876800,4200,3.9400
414351360,4215,4.0192
415825920,4230,3.9125
417300480,4245,4.3031
418775040,4260,4.1757
420249600,4275,4.2554
421724160,4290,3.9237
423198720,4305,3.9449
424673280,4320,4.2623
426147840,4335,4.1025
427622400,4350,3.9784
429096960,4365,4.0655
430571520,4380,4.0462
432046080,4395,3.9064
433520640,4410,4.0777
434995200,4425,4.2025
436469760,4440,4.0000
437944320,4455,4.0768
439418880,4470,4.4214
440893440,4485,3.9196
442368000,4500,3.9210
443842560,4515,3.8901
445317120,4530,4.2048
446791680,4545,4.0812
448266240,4560,4.1799
449740800,4575,4.1300
451215360,4590,3.9839
452689920,4605,3.9949
454164480,4620,3.8501
455639040,4635,4.1127
457113600,4650,3.9440
458588160,4665,3.8648
460062720,4680,4.0080
461537280,4695,3.9632
463011840,4710,3.9496
464486400,4725,4.0952
465960960,4740,4.2249
467435520,4755,4.1144
468910080,4770,3.9655
470384640,4785,3.7991
471859200,4800,3.8852
473333760,4815,4.0288
474808320,4830,3.9465
476282880,4845,4.0150
477757440,4860,4.1293
479232000,4875,4.1003
480706560,4890,4.0247
482181120,4905,4.1065
483655680,4920,3.9950
485130240,4935,3.7019
486604800,4950,4.0596
488079360,4965,3.8987
489553920,4980,4.1154
491028480,4995,4.3897
492503040,5010,4.2517
493977600,5025,4.1337
495452160,5040,4.1027
496926720,5055,3.7958
498401280,5070,3.8887
499875840,5085,3.9118
501350400,5100,3.9125
502824960,5115,4.2100
504299520,5130,3.6753
505774080,5145,4.4655
507248640,5160,3.9398
508723200,5175,4.1835
510197760,5190,3.6494
511672320,5205,4.1912
513146880,5220,3.8448
514621440,5235,3.9749
516096000,5250,3.9014
517570560,5265,3.9599
519045120,5280,3.8557
520519680,5295,4.0590
521994240,5310,3.6370
523468800,5325,3.9840
524943360,5340,3.7041
526417920,5355,4.1745
527892480,5370,3.8574
529367040,5385,4.0166
530841600,5400,3.9293
532316160,5415,3.7952
533790720,5430,3.9929
535265280,5445,4.0061
536739840,5460,3.7916
538214400,5475,4.1217
539688960,5490,3.9498
541163520,5505,4.1471
542638080,5520,3.8643
544112640,5535,3.5678
545587200,5550,4.2620
547061760,5565,4.1646
548536320,5580,3.5817
550010880,5595,4.0722
551485440,5610,4.0909
552960000,5625,4.2622
554434560,5640,4.0598
555909120,5655,3.9274
557383680,5670,3.6627
558858240,5685,4.0024
560332800,5700,4.2004
561807360,5715,3.8561
563281920,5730,3.9776
564756480,5745,3.9864
566231040,5760,4.0190
567705600,5775,4.0292
569180160,5790,3.9431
570654720,5805,4.1167
572129280,5820,4.0409
573603840,5835,4.1065
575078400,5850,4.1289
576552960,5865,4.1975
578027520,5880,4.0347
579502080,5895,3.8551
580976640,5910,3.8514
582451200,5925,3.7460
583925760,5940,3.9315
585400320,5955,4.1368
586874880,5970,4.2419
588349440,5985,4.0679
589824000,6000,4.1160
591298560,6015,4.1097
592773120,6030,4.0567
594247680,6045,3.8854
595722240,6060,3.8181
597196800,6075,4.3916
598671360,6090,3.8098
600145920,6105,4.2851
601620480,6120,3.8718
603095040,6135,3.9042
604569600,6150,4.0975
606044160,6165,3.7853
607518720,6180,3.8442
608993280,6195,4.0300
610467840,6210,4.0037
611942400,6225,4.1311
613416960,6240,4.2940
614891520,6255,3.8653
616366080,6270,3.5660
617840640,6285,4.2326
619315200,6300,4.1810
620789760,6315,3.9585
622264320,6330,4.0280
623738880,6345,3.8256
625213440,6360,3.8541
626688000,6375,4.0663
628162560,6390,3.9263
629637120,6405,4.3985
631111680,6420,4.1000
632586240,6435,4.1175
634060800,6450,4.0902
635535360,6465,4.0618
637009920,6480,4.1435
638484480,6495,4.1955
639959040,6510,4.3538
641433600,6525,3.8685
642908160,6540,4.2048
644382720,6555,3.8598
645857280,6570,4.2069
647331840,6585,4.0315
648806400,6600,3.8892
650280960,6615,4.0270
651755520,6630,4.1256
653230080,6645,4.0487
654704640,6660,4.1242
656179200,6675,3.9346
657653760,6690,3.8158
659128320,6705,3.9322
660602880,6720,4.2441
662077440,6735,4.1756
663552000,6750,3.8670
665026560,6765,4.1248
666501120,6780,3.7730
667975680,6795,3.9348
669450240,6810,3.8348
670924800,6825,3.7730
672399360,6840,3.8120
673873920,6855,4.0522
675348480,6870,4.1676
676823040,6885,4.0718
678297600,6900,3.7910
679772160,6915,4.1101
681246720,6930,3.7585
682721280,6945,4.0908
684195840,6960,3.7715
685670400,6975,4.0256
687144960,6990,4.0030
688619520,7005,3.8790
690094080,7020,4.1559
691568640,7035,3.9888
693043200,7050,4.0249
694517760,7065,3.9874
695992320,7080,3.9345
697466880,7095,3.9476
698941440,7110,4.0047
700416000,7125,4.0056
701890560,7140,3.8654
703365120,7155,4.0330
704839680,7170,4.1509
706314240,7185,4.1380
707788800,7200,3.8881
709263360,7215,3.7993
710737920,7230,4.1805
712212480,7245,3.9897
713687040,7260,3.9162
715161600,7275,4.0693
716636160,7290,4.1565
718110720,7305,3.9465
719585280,7320,3.8576
721059840,7335,4.1594
722534400,7350,3.9437
724008960,7365,4.0963
725483520,7380,4.2053
726958080,7395,3.7630
728432640,7410,3.8812
729907200,7425,3.9206
731381760,7440,3.6893
732856320,7455,4.0953
734330880,7470,3.8626
735805440,7485,4.1280
737280000,7500,4.1956
738754560,7515,4.2352
740229120,7530,3.9721
741703680,7545,3.9644
743178240,7560,4.1234
744652800,7575,3.8430
746127360,7590,3.9272
747601920,7605,4.2035
749076480,7620,4.1262
750551040,7635,4.2156
752025600,7650,3.6197
753500160,7665,3.9483
754974720,7680,4.5474
756449280,7695,3.7953
757923840,7710,4.1596
759398400,7725,4.0928
760872960,7740,4.1032
762347520,7755,4.0096
763822080,7770,4.1852
765296640,7785,3.9436
766771200,7800,3.7409
768245760,7815,4.0485
769720320,7830,4.3266
771194880,7845,3.9278
772669440,7860,3.8521
774144000,7875,4.1121
775618560,7890,4.0702
777093120,7905,4.0646
778567680,7920,3.9091
780042240,7935,4.0509
781516800,7950,3.8150
782991360,7965,4.1565
784465920,7980,4.1088
785940480,7995,3.8904
787415040,8010,3.9320
788889600,8025,4.0277
790364160,8040,3.9688
791838720,8055,4.0444
793313280,8070,4.0497
794787840,8085,3.9409
796262400,8100,3.9982
797736960,8115,3.9924
799211520,8130,3.9154
800686080,8145,4.1400
802160640,8160,4.0012
803635200,8175,3.9212
805109760,8190,3.9401
806584320,8205,4.0924
808058880,8220,3.7710
809533440,8235,3.9675
811008000,8250,4.0227
812482560,8265,3.9642
813957120,8280,4.1536
815431680,8295,3.8713
816906240,8310,3.9793
818380800,8325,3.8643
819855360,8340,4.1227
821329920,8355,3.8800
822804480,8370,4.2627
824279040,8385,4.0648
825753600,8400,3.8213
827228160,8415,4.0555
828702720,8430,3.7351
830177280,8445,3.8962
831651840,8460,3.7156
833126400,8475,3.7943
834600960,8490,3.6713
836075520,8505,4.1360
837550080,8520,4.1250
839024640,8535,3.9178
840499200,8550,3.8172
841973760,8565,3.8624
843448320,8580,3.9719
844922880,8595,3.9313
846397440,8610,3.9757
847872000,8625,3.9695
849346560,8640,3.8787
850821120,8655,3.9394
852295680,8670,3.8761
853770240,8685,3.7139
855244800,8700,3.7597
856719360,8715,4.1253
858193920,8730,4.0036
859668480,8745,3.8793
861143040,8760,4.1274
862617600,8775,3.8892
864092160,8790,4.0681
865566720,8805,3.9292
867041280,8820,3.8387
868515840,8835,3.8581
869990400,8850,4.2788
871464960,8865,4.0690
872939520,8880,3.9596
874414080,8895,3.6918
875888640,8910,3.7962
877363200,8925,3.9688
878837760,8940,3.9328
880312320,8955,3.5844
881786880,8970,3.6948
883261440,8985,3.7734
884736000,9000,4.0767
886210560,9015,3.9281
887685120,9030,3.5008
889159680,9045,4.1770
890634240,9060,3.8665
892108800,9075,3.7618
893583360,9090,4.0560
895057920,9105,3.7084
896532480,9120,4.1047
898007040,9135,3.8330
899481600,9150,4.0937
900956160,9165,4.0543
902430720,9180,3.7973
903905280,9195,3.8344
905379840,9210,3.7273
906854400,9225,3.9063
908328960,9240,3.8870
909803520,9255,3.8774
911278080,9270,3.9719
912752640,9285,4.1887
914227200,9300,3.8190
915701760,9315,3.9825
917176320,9330,3.9859
918650880,9345,3.6222
920125440,9360,4.0086
921600000,9375,3.7948
923074560,9390,4.1201
924549120,9405,3.5394
926023680,9420,3.8729
927498240,9435,3.5504
928972800,9450,3.8679
930447360,9465,3.7673
931921920,9480,3.8073
933396480,9495,4.0485
934871040,9510,3.8405
936345600,9525,4.0741
937820160,9540,4.2421
939294720,9555,4.1552
940769280,9570,3.9385
942243840,9585,4.1192
943718400,9600,3.7984
945192960,9615,3.7470
946667520,9630,3.6744
948142080,9645,3.8818
949616640,9660,3.8838
951091200,9675,3.8774
952565760,9690,3.6976
954040320,9705,4.0155
955514880,9720,4.0504
956989440,9735,4.0605
958464000,9750,3.6421
959938560,9765,3.7466
961413120,9780,3.7036
962887680,9795,3.8817
964362240,9810,3.9656
965836800,9825,3.8313
967311360,9840,3.7176
968785920,9855,3.8087
970260480,9870,4.0516
971735040,9885,3.8357
973209600,9900,3.9073
974684160,9915,4.0861
976158720,9930,4.0386
977633280,9945,4.0672
979107840,9960,4.0170
980582400,9975,3.7932
982056960,9990,4.0800
983531520,10005,4.0097
985006080,10020,4.0412
986480640,10035,3.7873
987955200,10050,4.0952
989429760,10065,3.7180
990904320,10080,3.8089
992378880,10095,3.8945
993853440,10110,3.7305
995328000,10125,3.7209
996802560,10140,4.2761
998277120,10155,3.7688
999751680,10170,4.0118
1001226240,10185,3.8384
1002700800,10200,3.8073
1004175360,10215,3.8701
1005649920,10230,4.0413
1007124480,10245,4.1790
1008599040,10260,4.0623
1010073600,10275,3.5646
1011548160,10290,4.1446
1013022720,10305,3.6788
1014497280,10320,3.7934
1015971840,10335,4.0982
1017446400,10350,3.7731
1018920960,10365,3.9424
1020395520,10380,3.8548
1021870080,10395,3.7360
1023344640,10410,4.0944
1024819200,10425,4.1030
1026293760,10440,4.2251
1027768320,10455,3.7711
1029242880,10470,4.2520
1030717440,10485,0.0000
1032192000,10500,3.4247
1033666560,10515,4.0516
1035141120,10530,3.7206
1036615680,10545,3.8048
1038090240,10560,4.1961
1039564800,10575,4.1962
1041039360,10590,3.6461
1042513920,10605,3.9786
1043988480,10620,3.6346
1045463040,10635,3.9045
1046937600,10650,3.6822
1048412160,10665,3.8756
1049886720,10680,4.0015
1051361280,10695,3.7909
1052835840,10710,3.7489
1054310400,10725,4.1178
1055784960,10740,3.7121
1057259520,10755,3.9997
1058734080,10770,3.9822
1060208640,10785,3.8607
1061683200,10800,3.9022
1063157760,10815,3.8405
1064632320,10830,3.7538
1066106880,10845,3.9482
1067581440,10860,3.7197
1069056000,10875,3.5861
1070530560,10890,3.8681
1072005120,10905,3.8691
1073479680,10920,3.6102
1074954240,10935,4.0500
1076428800,10950,4.0850
1077903360,10965,3.7660
1079377920,10980,3.6310
1080852480,10995,3.8408
1082327040,11010,4.0751
1083801600,11025,3.8630
1085276160,11040,3.8217
1086750720,11055,3.8853
1088225280,11070,3.9366
1089699840,11085,4.1227
1091174400,11100,3.8648
1092648960,11115,3.9964
1094123520,11130,4.0091
1095598080,11145,3.9446
1097072640,11160,3.8536
1098547200,11175,4.0407
1100021760,11190,4.0480
1101496320,11205,3.9501
1102970880,11220,4.0767
1104445440,11235,3.6313
1105920000,11250,3.7838
1107394560,11265,3.6812
1108869120,11280,3.9125
1110343680,11295,3.7193
1111818240,11310,3.7787
1113292800,11325,3.7170
1114767360,11340,3.9197
1116241920,11355,3.9611
1117716480,11370,3.6923
1119191040,11385,4.0075
1120665600,11400,3.8405
1122140160,11415,3.8485
1123614720,11430,4.0351
1125089280,11445,3.7937
1126563840,11460,3.7808
1128038400,11475,4.0942
1129512960,11490,3.8613
1130987520,11505,4.0127
1132462080,11520,3.8834
1133936640,11535,4.0720
1135411200,11550,3.8993
1136885760,11565,3.9844
1138360320,11580,3.9397
1139834880,11595,3.8894
1141309440,11610,3.7724
1142784000,11625,3.7785
1144258560,11640,3.9399
1145733120,11655,4.2727
1147207680,11670,3.6963
1148682240,11685,4.0171
1150156800,11700,3.6927
1151631360,11715,3.9571
1153105920,11730,3.9475
1154580480,11745,3.9669
1156055040,11760,3.9919
1157529600,11775,3.6666
1159004160,11790,3.7279
1160478720,11805,3.9838
1161953280,11820,4.1596
1163427840,11835,3.7548
1164902400,11850,3.7793
1166376960,11865,3.9169
1167851520,11880,3.6165
1169326080,11895,4.1329
1170800640,11910,4.1078
1172275200,11925,3.9639
1173749760,11940,3.7841
1175224320,11955,4.1060
1176698880,11970,3.6291
1178173440,11985,3.8771
1179648000,12000,3.7053
1181122560,12015,3.8934
1182597120,12030,3.9712
1184071680,12045,4.0197
1185546240,12060,3.7108
1187020800,12075,3.6816
1188495360,12090,3.8735
1189969920,12105,3.4959
1191444480,12120,3.7471
1192919040,12135,3.8675
1194393600,12150,3.5790
1195868160,12165,3.6688
1197342720,12180,3.6377
1198817280,12195,3.5945
1200291840,12210,3.9256
1201766400,12225,3.9026
1203240960,12240,3.7906
1204715520,12255,3.6505
1206190080,12270,3.9430
1207664640,12285,3.8185
1209139200,12300,3.7572
1210613760,12315,3.9984
1212088320,12330,3.6676
1213562880,12345,3.6424
1215037440,12360,4.0697
1216512000,12375,3.7962
1217986560,12390,4.0591
1219461120,12405,3.9171
1220935680,12420,4.2824
1222410240,12435,4.0228
1223884800,12450,3.8614
1225359360,12465,3.8791
1226833920,12480,3.9544
1228308480,12495,3.9258
1229783040,12510,3.6043
1231257600,12525,3.8155
1232732160,12540,3.8344
1234206720,12555,3.8345
1235681280,12570,3.9642
1237155840,12585,3.5477
1238630400,12600,3.8440
1240104960,12615,3.6589
1241579520,12630,3.8981
1243054080,12645,3.6691
1244528640,12660,3.8784
1246003200,12675,3.6499
1247477760,12690,3.6172
1248952320,12705,3.7991
1250426880,12720,3.6545
1251901440,12735,3.9657
1253376000,12750,3.6840
1254850560,12765,3.7921
1256325120,12780,3.9253
1257799680,12795,3.9431
1259274240,12810,3.9137
1260748800,12825,3.8657
1262223360,12840,3.9254
1263697920,12855,4.0124
1265172480,12870,3.9131
1266647040,12885,3.9219
1268121600,12900,4.0301
1269596160,12915,3.7313
1271070720,12930,3.7003
1272545280,12945,3.7807
1274019840,12960,3.8485
1275494400,12975,3.8642
1276968960,12990,3.5356
1278443520,13005,4.0212
1279918080,13020,3.9504
1281392640,13035,3.7639
1282867200,13050,3.8563
1284341760,13065,3.8446
1285816320,13080,3.5981
1287290880,13095,3.7201
1288765440,13110,3.9714
1290240000,13125,3.8852
1291714560,13140,3.7228
1293189120,13155,3.5476
1294663680,13170,3.5992
1296138240,13185,3.7593
1297612800,13200,4.1761
1299087360,13215,3.8825
1300561920,13230,3.6391
1302036480,13245,3.8573
1303511040,13260,3.6696
1304985600,13275,3.9436
1306460160,13290,3.6319
1307934720,13305,3.8255
1309409280,13320,3.5989
1310883840,13335,3.5180
1312358400,13350,3.7071
1313832960,13365,4.0985
1315307520,13380,3.7122
1316782080,13395,3.7234
1318256640,13410,4.0251
1319731200,13425,3.7020
1321205760,13440,3.8810
1322680320,13455,3.7662
1324154880,13470,3.7946
1325629440,13485,3.9277
1327104000,13500,3.5588
1328578560,13515,3.9484
1330053120,13530,3.9642
1331527680,13545,3.8117
1333002240,13560,3.4923
1334476800,13575,3.8837
1335951360,13590,3.6942
1337425920,13605,3.7463
1338900480,13620,3.7804
1340375040,13635,3.6695
1341849600,13650,4.0567
1343324160,13665,4.0473
1344798720,13680,3.8591
1346273280,13695,3.6668
1347747840,13710,3.7284
1349222400,13725,4.0245
1350696960,13740,4.2773
1352171520,13755,3.7024
1353646080,13770,3.8442
1355120640,13785,3.8192
1356595200,13800,3.6784
1358069760,13815,3.3825
1359544320,13830,3.7031
1361018880,13845,3.7520
1362493440,13860,3.8328
1363968000,13875,4.1836
1365442560,13890,3.9343
1366917120,13905,4.0353
1368391680,13920,3.5351
1369866240,13935,3.9477
1371340800,13950,3.8370
1372815360,13965,3.7510
1374289920,13980,3.6296
1375764480,13995,3.7631
1377239040,14010,3.7398
1378713600,14025,3.6175
1380188160,14040,3.8256
1381662720,14055,3.6690
1383137280,14070,3.6566
1384611840,14085,3.7551
1386086400,14100,3.7077
1387560960,14115,3.8519
1389035520,14130,3.9724
1390510080,14145,3.8291
1391984640,14160,3.8716
1393459200,14175,3.7225
1394933760,14190,3.6292
1396408320,14205,3.7193
1397882880,14220,3.8077
1399357440,14235,3.7067
1400832000,14250,3.8079
1402306560,14265,3.6158
1403781120,14280,3.7910
1405255680,14295,3.7987
1406730240,14310,3.8774
1408204800,14325,3.7640
1409679360,14340,3.7307
1411153920,14355,3.5315
1412628480,14370,3.7037
1414103040,14385,3.8572
1415577600,14400,4.1253
1417052160,14415,3.7768
1418526720,14430,3.8526
1420001280,14445,3.8642
1421475840,14460,3.5961
1422950400,14475,3.6823
1424424960,14490,3.8144
1425899520,14505,3.7333
1427374080,14520,3.7592
1428848640,14535,3.4670
1430323200,14550,4.2257
1431797760,14565,3.7582
1433272320,14580,3.9997
1434746880,14595,3.4037
1436221440,14610,3.9360
1437696000,14625,3.6283
1439170560,14640,3.8229
1440645120,14655,3.9868
1442119680,14670,3.7343
1443594240,14685,3.6362
1445068800,14700,3.8333
1446543360,14715,3.6661
1448017920,14730,3.8034
1449492480,14745,3.4899
1450967040,14760,3.9399
1452441600,14775,3.6482
1453916160,14790,3.6314
1455390720,14805,3.9086
1456865280,14820,3.5904
1458339840,14835,3.7609
1459814400,14850,3.7560
1461288960,14865,3.8391
1462763520,14880,3.7653
1464238080,14895,3.6725
1465712640,14910,3.9170
1467187200,14925,3.6007
1468661760,14940,4.0013
1470136320,14955,3.5377
1471610880,14970,3.8905
1473085440,14985,3.3689
1474560000,15000,3.8571
1476034560,15015,3.6988
1477509120,15030,3.7863
1478983680,15045,3.8114
1480458240,15060,3.7031
1481932800,15075,3.4227
1483407360,15090,3.4426
1484881920,15105,3.5138
1486356480,15120,3.6193
1487831040,15135,3.7167
1489305600,15150,3.7577
1490780160,15165,3.6011
1492254720,15180,3.6149
1493729280,15195,3.6981
1495203840,15210,3.8624
1496678400,15225,3.7932
1498152960,15240,3.9606
1499627520,15255,3.5875
1501102080,15270,3.9510
1502576640,15285,3.8081
1504051200,15300,3.6025
1505525760,15315,4.1002
1507000320,15330,3.4809
1508474880,15345,3.6905
1509949440,15360,3.8980
1511424000,15375,4.0187
1512898560,15390,3.8625
1514373120,15405,3.5676
1515847680,15420,3.8732
1517322240,15435,3.8244
1518796800,15450,3.6372
1520271360,15465,3.8379
1521745920,15480,3.7128
1523220480,15495,3.5636
1524695040,15510,4.0565
1526169600,15525,3.6259
1527644160,15540,3.6095
1529118720,15555,3.5336
1530593280,15570,3.5025
1532067840,15585,3.6218
1533542400,15600,3.7883
1535016960,15615,3.7908
1536491520,15630,3.9094
1537966080,15645,4.0558
1539440640,15660,3.6355
1540915200,15675,3.3486
1542389760,15690,3.6768
1543864320,15705,3.6012
1545338880,15720,3.6864
1546813440,15735,3.7656
1548288000,15750,3.5511
1549762560,15765,3.8576
1551237120,15780,3.6408
1552711680,15795,3.7047
1554186240,15810,3.8226
1555660800,15825,3.8781
1557135360,15840,3.7077
1558609920,15855,3.6866
1560084480,15870,3.7902
1561559040,15885,3.8739
1563033600,15900,3.9503
1564508160,15915,3.6969
1565982720,15930,3.8179
1567457280,15945,3.9878
1568931840,15960,3.5630
1570406400,15975,3.9769
1571880960,15990,3.5961
1573355520,16005,3.7976
1574830080,16020,3.7986
1576304640,16035,3.8833
1577779200,16050,3.7948
1579253760,16065,3.5840
1580728320,16080,3.7161
1582202880,16095,3.5519
1583677440,16110,3.6498
1585152000,16125,4.0023
1586626560,16140,3.9144
1588101120,16155,4.0062
1589575680,16170,3.8968
1591050240,16185,3.5683
1592524800,16200,3.6908
1593999360,16215,3.8536
1595473920,16230,3.5588
1596948480,16245,3.5402
1598423040,16260,3.8231
1599897600,16275,3.9250
1601372160,16290,3.9021
1602846720,16305,3.5518
1604321280,16320,3.8569
1605795840,16335,3.5415
1607270400,16350,3.8396
1608744960,16365,4.1180
1610219520,16380,3.6167
1611694080,16395,3.7405
1613168640,16410,3.6347
1614643200,16425,3.8988
1616117760,16440,3.6678
1617592320,16455,3.9914
1619066880,16470,3.7690
1620541440,16485,3.7037
1622016000,16500,3.6732
1623490560,16515,4.0167
1624965120,16530,3.6506
1626439680,16545,3.6216
1627914240,16560,3.7809
1629388800,16575,3.8757
1630863360,16590,4.0411
1632337920,16605,3.5398
1633812480,16620,3.5491
1635287040,16635,3.9371
1636761600,16650,3.7324
1638236160,16665,3.6185
1639710720,16680,3.8535
1641185280,16695,3.9068
1642659840,16710,3.6747
1644134400,16725,3.6249
1645608960,16740,3.5728
1647083520,16755,3.7288
1648558080,16770,3.8529
1650032640,16785,3.9583
1651507200,16800,3.5302
1652981760,16815,3.5618
1654456320,16830,3.4262
1655930880,16845,3.4059
1657405440,16860,3.8486
1658880000,16875,3.6037
1660354560,16890,3.8236
1661829120,16905,3.8399
1663303680,16920,3.9940
1664778240,16935,3.6903
1666252800,16950,3.7311
1667727360,16965,4.3453
1669201920,16980,3.8159
1670676480,16995,3.6710
1672151040,17010,3.9592
1673625600,17025,3.8490
1675100160,17040,3.5058
1676574720,17055,3.4314
1678049280,17070,3.6905
1679523840,17085,4.2833
1680998400,17100,3.5050
1682472960,17115,3.6232
1683947520,17130,3.7444
1685422080,17145,3.8445
1686896640,17160,3.7087
1688371200,17175,3.9416
1689845760,17190,3.5869
1691320320,17205,3.9099
1692794880,17220,3.7717
1694269440,17235,4.0593
1695744000,17250,3.6886
1697218560,17265,3.8138
1698693120,17280,3.9554
1700167680,17295,3.8050
1701642240,17310,3.8214
1703116800,17325,3.6532
1704591360,17340,3.8630
1706065920,17355,3.4703
1707540480,17370,3.9164
1709015040,17385,3.8502
1710489600,17400,3.6606
1711964160,17415,3.7542
1713438720,17430,3.7832
1714913280,17445,3.6975
1716387840,17460,3.7912
1717862400,17475,3.7715
1719336960,17490,3.7614
1720811520,17505,3.6775
1722286080,17520,3.7364
1723760640,17535,3.6509
1725235200,17550,3.8503
1726709760,17565,3.7268
1728184320,17580,3.9312
1729658880,17595,3.6671
1731133440,17610,3.8563
1732608000,17625,3.4966
1734082560,17640,3.9127
1735557120,17655,3.4631
1737031680,17670,3.6946
1738506240,17685,3.8925
1739980800,17700,3.6356
1741455360,17715,3.5676
1742929920,17730,3.5639
1744404480,17745,3.8521
1745879040,17760,3.6431
1747353600,17775,3.9880
1748828160,17790,3.4428
1750302720,17805,3.8346
1751777280,17820,3.7730
1753251840,17835,3.4529
1754726400,17850,3.6113
1756200960,17865,3.7046
1757675520,17880,3.8260
1759150080,17895,3.4158
1760624640,17910,3.8683
1762099200,17925,3.8500
1763573760,17940,3.5807
1765048320,17955,3.8472
1766522880,17970,3.6179
1767997440,17985,3.7026
1769472000,18000,3.6715
1770946560,18015,3.2142
1772421120,18030,3.7698
1773895680,18045,3.6312
1775370240,18060,3.6167
1776844800,18075,3.6182
1778319360,18090,3.8651
1779793920,18105,3.4614
1781268480,18120,3.8821
1782743040,18135,3.7233
1784217600,18150,3.5918
1785692160,18165,3.8370
1787166720,18180,3.6344
1788641280,18195,3.8168
1790115840,18210,3.6498
1791590400,18225,3.5947
1793064960,18240,3.7314
1794539520,18255,3.8168
1796014080,18270,3.7662
1797488640,18285,3.6851
1798963200,18300,3.4683
1800437760,18315,3.5829
1801912320,18330,3.8437
1803386880,18345,3.6450
1804861440,18360,3.3238
1806336000,18375,3.4327
1807810560,18390,3.5725
1809285120,18405,3.5107
1810759680,18420,3.6720
1812234240,18435,3.2692
1813708800,18450,3.8722
1815183360,18465,3.8477
1816657920,18480,3.9957
1818132480,18495,3.7980
1819607040,18510,3.4532
1821081600,18525,3.8509
1822556160,18540,3.6967
1824030720,18555,3.5337
1825505280,18570,3.7658
1826979840,18585,3.5264
1828454400,18600,3.5643
1829928960,18615,3.6698
1831403520,18630,3.5907
1832878080,18645,3.6360
1834352640,18660,3.6082
1835827200,18675,3.6838
1837301760,18690,3.9359
1838776320,18705,3.7472
1840250880,18720,3.6441
1841725440,18735,3.7103
1843200000,18750,3.3514
1844674560,18765,3.7187
1846149120,18780,3.4575
1847623680,18795,3.8368
1849098240,18810,3.2604
1850572800,18825,3.5776
1852047360,18840,3.4548
1853521920,18855,3.5687
1854996480,18870,3.4846
1856471040,18885,3.5491
1857945600,18900,3.7586
1859420160,18915,3.6874
1860894720,18930,3.6535
1862369280,18945,3.9742
1863843840,18960,3.8507
1865318400,18975,3.6794
1866792960,18990,3.5384
1868267520,19005,3.7168
1869742080,19020,3.4591
1871216640,19035,3.4030
1872691200,19050,3.6016
1874165760,19065,3.5056
1875640320,19080,3.6902
1877114880,19095,3.4388
1878589440,19110,3.7236
1880064000,19125,3.7616
1881538560,19140,3.7985
1883013120,19155,3.5101
1884487680,19170,3.4692
1885962240,19185,3.4547
1887436800,19200,3.6211
1888911360,19215,3.8811
1890385920,19230,3.6502
1891860480,19245,3.4390
1893335040,19260,3.5250
1894809600,19275,3.7528
1896284160,19290,3.7850
1897758720,19305,3.4787
1899233280,19320,3.7918
1900707840,19335,3.7592
1902182400,19350,3.7783
1903656960,19365,3.6974
1905131520,19380,3.3083
1906606080,19395,3.7861
1908080640,19410,3.7318
1909555200,19425,3.7227
1911029760,19440,3.6622
1912504320,19455,3.6654
1913978880,19470,3.4257
1915453440,19485,3.5551
1916928000,19500,3.6243
1918402560,19515,3.7018
1919877120,19530,3.6227
1921351680,19545,3.9697
1922826240,19560,3.4661
1924300800,19575,3.7088
1925775360,19590,3.3431
1927249920,19605,3.5933
1928724480,19620,3.6159
1930199040,19635,3.7459
1931673600,19650,3.9097
1933148160,19665,3.9142
1934622720,19680,3.6655
1936097280,19695,3.8640
1937571840,19710,3.3802
1939046400,19725,3.4735
1940520960,19740,3.7912
1941995520,19755,3.5087
1943470080,19770,3.6802
1944944640,19785,3.5529
1946419200,19800,3.4343
1947893760,19815,3.2176
1949368320,19830,3.6547
1950842880,19845,3.9679
1952317440,19860,3.4995
1953792000,19875,3.9786
1955266560,19890,3.6114
1956741120,19905,3.6997
1958215680,19920,3.7995
1959690240,19935,3.4889
1961164800,19950,3.4792
1961164800,19950,0.0000
1962639360,19965,3.6536
1964113920,19980,3.7813
1965588480,19995,3.4555
1967063040,20010,3.5262
1968537600,20025,3.8739
1970012160,20040,3.6236
1971486720,20055,3.3812
1972961280,20070,3.6838
1974435840,20085,3.3588
1975910400,20100,3.6245
1977384960,20115,3.5180
1978859520,20130,3.6051
1980334080,20145,3.6953
1981808640,20160,3.4928
1983283200,20175,3.4697
1984757760,20190,3.2848
1986232320,20205,3.4402
1987706880,20220,3.7227
1989181440,20235,3.7168
1990656000,20250,3.5959
1992130560,20265,3.2972
1993605120,20280,3.5494
1995079680,20295,3.4806
1996554240,20310,3.6495
1998028800,20325,3.4219
1999503360,20340,3.9004
2000977920,20355,3.5195
2002452480,20370,3.5654
2003927040,20385,3.3354
2005401600,20400,3.7713
2006876160,20415,3.5615
2008350720,20430,3.4689
2009825280,20445,3.3660
2011299840,20460,3.5498
2012774400,20475,3.7661
2014248960,20490,3.7237
2015723520,20505,3.4977
2017198080,20520,3.5846
2018672640,20535,3.6452
2020147200,20550,3.8104
2021621760,20565,3.5208
2023096320,20580,3.6957
2024570880,20595,3.7157
2026045440,20610,3.6698
2027520000,20625,3.5546
2028994560,20640,3.6435
2030469120,20655,3.7969
2031943680,20670,3.5944
2033418240,20685,3.7864
2034892800,20700,3.3472
2036367360,20715,3.3029
2037841920,20730,3.4085
2039316480,20745,3.5850
2040791040,20760,3.4165
2042265600,20775,3.4645
2043740160,20790,3.3165
2045214720,20805,3.5840
2046689280,20820,3.6436
2048163840,20835,3.3964
2049638400,20850,3.7183
2051112960,20865,3.4717
2052587520,20880,3.5458
2054062080,20895,3.7400
2055536640,20910,3.4939
2057011200,20925,3.4943
2058485760,20940,3.6290
2059960320,20955,3.5386
2061434880,20970,3.7315
2062909440,20985,3.5858
2064384000,21000,3.7574
2065858560,21015,3.4952
2067333120,21030,3.6898
2068807680,21045,3.6628
2070282240,21060,3.5628
2071756800,21075,3.4519
2073231360,21090,3.2638
2074705920,21105,3.6268
2076180480,21120,3.9889
2077655040,21135,3.4032
2079129600,21150,3.7158
2080604160,21165,3.3603
2082078720,21180,3.6806
2083553280,21195,3.6393
2085027840,21210,3.6847
2086502400,21225,3.6644
2087976960,21240,3.3861
2089451520,21255,3.4690
2090926080,21270,3.7185
2092400640,21285,3.8975
2093875200,21300,3.4288
2095349760,21315,3.6661
2096824320,21330,3.5916
2098298880,21345,3.3344
2099773440,21360,3.8262
2101248000,21375,3.8125
2102722560,21390,3.9122
2104197120,21405,3.4721
2105671680,21420,3.8112
2107146240,21435,3.3575
2108620800,21450,3.5719
2110095360,21465,3.5111
2111569920,21480,3.6129
2113044480,21495,3.7021
2114519040,21510,3.6898
2115993600,21525,3.3932
2117468160,21540,3.2659
2118942720,21555,3.5672
2120417280,21570,3.2296
2121891840,21585,3.3222
2123366400,21600,3.5678
2124840960,21615,3.3741
2126315520,21630,3.3837
2127790080,21645,3.3180
2129264640,21660,3.2946
2130739200,21675,3.6259
2132213760,21690,3.4756
2133688320,21705,3.5056
2135162880,21720,3.3705
2136637440,21735,3.6426
2138112000,21750,3.4661
2139586560,21765,3.5119
2141061120,21780,3.6866
2142535680,21795,3.3869
2144010240,21810,3.3517
2145484800,21825,3.7500
2146959360,21840,3.3987
2148433920,21855,3.7770
2149908480,21870,3.6010
2151383040,21885,3.9820
2152857600,21900,3.7259
2154332160,21915,3.4622
2155806720,21930,3.5760
2157281280,21945,3.6523
2158755840,21960,3.5896
2160230400,21975,3.3078
2161704960,21990,3.8063
2163179520,22005,3.4902
2164654080,22020,3.5572
2166128640,22035,3.6588
2167603200,22050,3.2614
2169077760,22065,3.5416
2170552320,22080,3.3507
2172026880,22095,3.6020
2173501440,22110,3.3725
2174976000,22125,3.5470
2176450560,22140,3.6342
2177925120,22155,3.3177
2179399680,22170,3.4785
2180874240,22185,3.4020
2182348800,22200,3.6525
2183823360,22215,3.4675
2185297920,22230,3.5043
2186772480,22245,3.6150
2188247040,22260,3.6174
2189721600,22275,3.6232
2191196160,22290,3.8393
2192670720,22305,3.6364
2194145280,22320,3.7056
2195619840,22335,3.5853
2197094400,22350,3.5960
2198568960,22365,3.4884
2200043520,22380,3.4341
2201518080,22395,3.4115
2202992640,22410,3.4802
2204467200,22425,3.5736
2205941760,22440,3.6317
2207416320,22455,3.2239
2208890880,22470,3.7339
2210365440,22485,3.6345
2211840000,22500,3.4503
2213314560,22515,3.7666
2214789120,22530,3.5364
2216263680,22545,3.3000
2217738240,22560,3.4548
2219212800,22575,3.6721
2220687360,22590,3.5949
2222161920,22605,3.4231
2223636480,22620,3.2364
2225111040,22635,3.3163
2226585600,22650,3.4563
2228060160,22665,3.4400
2229534720,22680,3.5789
2231009280,22695,3.3355
2232483840,22710,3.5734
2233958400,22725,3.3427
2235432960,22740,3.4696
2236907520,22755,3.2356
2238382080,22770,3.4316
2239856640,22785,3.3282
2241331200,22800,3.1807
2242805760,22815,3.5530
2244280320,22830,3.7673
2245754880,22845,3.4087
2247229440,22860,3.4025
2248704000,22875,3.7140
2250178560,22890,3.4776
2251653120,22905,3.5842
2253127680,22920,3.4407
2254602240,22935,3.4979
2256076800,22950,3.6096
2257551360,22965,3.6006
2259025920,22980,3.6220
2260500480,22995,3.6400
2261975040,23010,3.5174
2263449600,23025,3.2026
2264924160,23040,3.7381
2266398720,23055,3.3746
2267873280,23070,3.4616
2269347840,23085,3.4772
2270822400,23100,3.3637
2272296960,23115,3.4883
2273771520,23130,3.7299
2275246080,23145,3.4848
2276720640,23160,3.3478
2278195200,23175,3.4229
2279669760,23190,3.4555
2281144320,23205,3.9726
2282618880,23220,3.3971
2284093440,23235,3.5308
2285568000,23250,3.5638
2287042560,23265,3.1542
2288517120,23280,3.0747
2289991680,23295,3.3681
2291466240,23310,3.4376
2292940800,23325,3.4951
2294415360,23340,3.6249
2295889920,23355,3.6247
2297364480,23370,3.7162
2298839040,23385,3.1814
2300313600,23400,3.6363
2301788160,23415,3.7456
2303262720,23430,3.3860
2304737280,23445,3.3470
2306211840,23460,3.4543
2307686400,23475,3.4360
2309160960,23490,3.4956
2310635520,23505,3.5423
2312110080,23520,3.3480
2313584640,23535,3.3416
2315059200,23550,3.4613
2316533760,23565,4.0528
2318008320,23580,3.5097
2319482880,23595,3.6804
2320957440,23610,3.4900
2322432000,23625,3.5519
2323906560,23640,3.5149
2325381120,23655,3.3227
2326855680,23670,3.4036
2328330240,23685,3.4997
2329804800,23700,3.3957
2331279360,23715,3.3720
2332753920,23730,3.2853
2334228480,23745,3.4872
2335703040,23760,3.5000
2337177600,23775,3.5479
2338652160,23790,3.5588
2340126720,23805,3.4537
2341601280,23820,3.2464
2343075840,23835,3.3569
2344550400,23850,3.5484
2346024960,23865,3.5092
2347499520,23880,3.4697
2348974080,23895,3.5266
2350448640,23910,3.5367
2351923200,23925,3.3053
2353397760,23940,3.4749
2354872320,23955,3.5267
2356346880,23970,3.4137
2357821440,23985,3.3443
2359296000,24000,3.1669
2360770560,24015,3.5608
2362245120,24030,3.4651
2363719680,24045,3.6816
2365194240,24060,3.0645
2366668800,24075,3.6088
2368143360,24090,3.5587
2369617920,24105,3.5052
2371092480,24120,3.6560
2372567040,24135,3.4659
2374041600,24150,3.3375
2375516160,24165,3.6478
2376990720,24180,3.3483
2378465280,24195,3.4793
2379939840,24210,3.2094
2381414400,24225,3.6321
2382888960,24240,3.5034
2384363520,24255,3.3109
2385838080,24270,3.6164
2387312640,24285,3.2804
2388787200,24300,3.4336
2390261760,24315,3.2665
2391736320,24330,3.4874
2393210880,24345,3.4660
2394685440,24360,3.3390
2396160000,24375,3.6066
2397634560,24390,3.3700
2399109120,24405,3.6961
2400583680,24420,3.2211
2402058240,24435,3.5651
2403532800,24450,3.0786
2405007360,24465,3.2003
2406481920,24480,3.4065
2407956480,24495,3.4650
2409431040,24510,3.5058
2410905600,24525,3.3773
2412380160,24540,3.4203
2413854720,24555,3.1490
2415329280,24570,3.2290
2416803840,24585,3.3222
2418278400,24600,3.3898
2419752960,24615,3.7010
2421227520,24630,3.2835
2422702080,24645,3.2737
2424176640,24660,3.3864
2425651200,24675,3.5170
2427125760,24690,3.4895
2428600320,24705,3.6574
2430074880,24720,3.2981
2431549440,24735,3.6606
2433024000,24750,3.5046
2434498560,24765,3.5432
2435973120,24780,3.7774
2437447680,24795,3.0972
2438922240,24810,3.3931
2440396800,24825,3.5783
2441871360,24840,3.6432
2443345920,24855,3.5488
2444820480,24870,3.2333
2446295040,24885,3.5502
2447769600,24900,3.4954
2449244160,24915,3.4827
2450718720,24930,3.5474
2452193280,24945,3.4156
2453667840,24960,3.2587
2455142400,24975,3.7357
2456616960,24990,3.3259
2458091520,25005,3.2598
2459566080,25020,3.2247
2461040640,25035,3.1461
2462515200,25050,3.3082
2463989760,25065,3.2505
2465464320,25080,3.4711
2466938880,25095,3.5802
2468413440,25110,3.7506
2469888000,25125,3.3295
2471362560,25140,3.5348
2472837120,25155,3.3474
2474311680,25170,3.2960
2475786240,25185,3.3718
2477260800,25200,3.4650
2478735360,25215,3.2145
2480209920,25230,3.5487
2481684480,25245,3.3382
2483159040,25260,3.4191
2484633600,25275,3.4086
2486108160,25290,3.3899
2487582720,25305,3.4059
2489057280,25320,3.3853
2490531840,25335,3.4911
2492006400,25350,3.5445
2493480960,25365,3.2722
2494955520,25380,3.4172
2496430080,25395,3.5181
2497904640,25410,3.6674
2499379200,25425,3.2392
2500853760,25440,3.4126
2502328320,25455,3.2852
2503802880,25470,3.4842
2505277440,25485,3.5018
2506752000,25500,3.5655
2508226560,25515,3.5757
2509701120,25530,3.1775
2511175680,25545,3.3851
2512650240,25560,3.2337
2514124800,25575,3.3229
2515599360,25590,3.6957
2517073920,25605,3.5927
2518548480,25620,3.6988
2520023040,25635,3.5851
2521497600,25650,3.2696
2522972160,25665,3.4658
2524446720,25680,3.5340
2525921280,25695,3.2598
2527395840,25710,3.2303
2528870400,25725,3.5218
2530344960,25740,3.4084
2531819520,25755,3.6395
2533294080,25770,3.2655
2534768640,25785,3.5764
2536243200,25800,3.2502
2537717760,25815,3.2916
2539192320,25830,3.8090
2540666880,25845,3.2905
2542141440,25860,3.4206
2543616000,25875,3.3157
2545090560,25890,3.5046
2546565120,25905,3.3532
2548039680,25920,3.6981
2549514240,25935,3.4646
2550988800,25950,3.3749
2552463360,25965,3.4225
2553937920,25980,3.7243
2555412480,25995,3.3183
2556887040,26010,3.2995
2558361600,26025,3.4550
2559836160,26040,3.4117
2561310720,26055,3.7603
2562785280,26070,3.2141
2564259840,26085,3.2606
2565734400,26100,3.6336
2567208960,26115,3.3630
2568683520,26130,3.3158
2570158080,26145,3.5464
2571632640,26160,3.6007
2573107200,26175,3.3682
2574581760,26190,3.3208
2576056320,26205,3.2945
2577530880,26220,3.4384
2579005440,26235,3.5289
2580480000,26250,3.6585
2581954560,26265,3.7172
2583429120,26280,3.2867
2584903680,26295,3.1453
2586378240,26310,3.0979
2587852800,26325,3.5214
2589327360,26340,3.4510
2590801920,26355,3.5104
2592276480,26370,3.5175
2593751040,26385,3.6902
2595225600,26400,3.3568
2596700160,26415,3.3616
2598174720,26430,4.0126
2599649280,26445,3.5222
2601123840,26460,3.3802
2602598400,26475,3.6621
2604072960,26490,3.4652
2605547520,26505,3.2109
2607022080,26520,3.1595
2608496640,26535,3.3876
2609971200,26550,3.9954
2611445760,26565,3.2953
2612920320,26580,3.3437
2614394880,26595,3.4311
2615869440,26610,3.5190
2617344000,26625,3.3559
2618818560,26640,3.3943
2620293120,26655,3.2850
2621767680,26670,3.6000
2623242240,26685,3.4539
2624716800,26700,3.7496
2626191360,26715,3.5808
2627665920,26730,3.5143
2629140480,26745,3.5133
2630615040,26760,3.4955
2632089600,26775,3.5283
2633564160,26790,3.2600
2635038720,26805,3.5572
2636513280,26820,3.1543
2637987840,26835,3.6288
2639462400,26850,3.5520
2640936960,26865,3.2252
2642411520,26880,3.4512
2643886080,26895,3.4557
2645360640,26910,3.3685
2646835200,26925,3.4732
2648309760,26940,3.3654
2649784320,26955,3.4485
2651258880,26970,3.3691
2652733440,26985,3.4364
2654208000,27000,3.3288
2655682560,27015,3.3332
2657157120,27030,3.4144
2658631680,27045,3.6550
2660106240,27060,3.3528
2661580800,27075,3.5291
2663055360,27090,2.8683
2664529920,27105,3.6226
2666004480,27120,3.1784
2667479040,27135,3.4105
2668953600,27150,3.5605
2670428160,27165,3.2975
2671902720,27180,3.2814
2673377280,27195,3.2496
2674851840,27210,3.5377
2676326400,27225,3.3261
2677800960,27240,3.3135
2679275520,27255,3.1559
2680750080,27270,3.5463
2682224640,27285,3.4557
2683699200,27300,3.1580
2685173760,27315,3.2628
2686648320,27330,3.3919
2688122880,27345,3.4844
2689597440,27360,3.1177
2691072000,27375,3.5755
2692546560,27390,3.0440
2694021120,27405,3.2893
2695495680,27420,3.5707
2696970240,27435,3.3320
2698444800,27450,3.4054
2699919360,27465,3.2994
2701393920,27480,2.9525
2702868480,27495,3.4931
2704343040,27510,3.3579
2705817600,27525,3.3187
2707292160,27540,3.5522
2708766720,27555,3.5317
2710241280,27570,3.1921
2711715840,27585,3.5902
2713190400,27600,3.4212
2714664960,27615,3.2784
2716139520,27630,3.5636
2717614080,27645,3.3412
2719088640,27660,3.5281
2720563200,27675,3.3637
2722037760,27690,3.3687
2723512320,27705,3.4231
2724986880,27720,3.5258
2726461440,27735,3.4534
2727936000,27750,3.4053
2729410560,27765,3.2646
2730885120,27780,3.3025
2732359680,27795,3.5658
2733834240,27810,3.3724
2735308800,27825,3.0587
2736783360,27840,3.2544
2738257920,27855,3.2907
2739732480,27870,3.2302
2741207040,27885,3.3617
2742681600,27900,3.0043
2744156160,27915,3.3649
2745630720,27930,3.5553
2747105280,27945,3.7246
2748579840,27960,3.5290
2750054400,27975,3.1866
2751528960,27990,3.4583
2753003520,28005,3.4191
2754478080,28020,3.2614
2755952640,28035,3.4848
2757427200,28050,3.2320
2758901760,28065,3.3477
2760376320,28080,3.3911
2761850880,28095,3.3243
2763325440,28110,3.3670
2764800000,28125,3.3351
2766274560,28140,3.5697
2767749120,28155,3.6375
2769223680,28170,3.3671
2770698240,28185,3.3554
2772172800,28200,3.4266
2773647360,28215,3.2267
2775121920,28230,3.4039
2776596480,28245,3.1840
2778071040,28260,3.5514
2779545600,28275,2.9811
2781020160,28290,3.5082
2782494720,28305,3.1955
2783969280,28320,3.2370
2785443840,28335,3.1960
2786918400,28350,3.3005
2788392960,28365,3.2256
2789867520,28380,3.4032
2791342080,28395,3.3867
2792816640,28410,3.6921
2794291200,28425,3.5779
2795765760,28440,3.6427
2797240320,28455,3.2778
2798714880,28470,3.4225
2800189440,28485,3.1836
2801664000,28500,3.1505
2803138560,28515,3.6774
2804613120,28530,3.2162
2806087680,28545,3.4251
2807562240,28560,3.1658
2809036800,28575,3.4407
2810511360,28590,3.4624
2811985920,28605,3.5080
2813460480,28620,3.2496
2814935040,28635,3.2007
2816409600,28650,3.2107
2817884160,28665,3.6057
2819358720,28680,3.6207
2820833280,28695,3.3844
2822307840,28710,3.1676
2823782400,28725,3.2323
2825256960,28740,3.1287
2826731520,28755,3.4929
2828206080,28770,3.1789
2829680640,28785,3.5250
2831155200,28800,3.4904
2832629760,28815,3.4617
2834104320,28830,3.4195
2835578880,28845,3.0862
2837053440,28860,3.4998
2838528000,28875,3.4694
2840002560,28890,3.3896
2841477120,28905,3.3785
2842951680,28920,3.3926
2844426240,28935,3.1543
2845900800,28950,3.3231
2847375360,28965,3.5256
2848849920,28980,3.4507
2850324480,28995,3.3741
2851799040,29010,3.6770
2853273600,29025,3.1897
2854748160,29040,3.3322
2856222720,29055,3.0593
2857697280,29070,3.3489
2859171840,29085,3.3348
2860646400,29100,3.4781
2862120960,29115,3.0467
2863595520,29130,3.6471
2865070080,29145,3.4048
2866544640,29160,3.5989
2868019200,29175,3.1167
2869493760,29190,3.3896
2870968320,29205,3.5245
2872442880,29220,3.2739
2873917440,29235,3.4371
2875392000,29250,3.2841
2876866560,29265,3.2240
2878341120,29280,2.9571
2879815680,29295,3.4141
2881290240,29310,3.6994
2882764800,29325,3.2503
2884239360,29340,3.5032
2885713920,29355,3.3493
2885713920,29355,0.0000
2887188480,29370,2.8569
2888663040,29385,3.4648
2890137600,29400,3.3638
2891612160,29415,3.2802
2893086720,29430,3.6155
2894561280,29445,3.6521
2896035840,29460,3.5271
2897510400,29475,3.3585
2898984960,29490,3.0881
2900459520,29505,3.3807
2901934080,29520,3.1360
2903408640,29535,3.3360
2904883200,29550,3.4467
2906357760,29565,3.2709
2907832320,29580,3.2159
2909306880,29595,3.6059
2910781440,29610,3.4150
2912256000,29625,3.1734
2913730560,29640,3.4564
2915205120,29655,3.3458
2916679680,29670,3.4013
2918154240,29685,3.5713
2919628800,29700,3.1338
2921103360,29715,3.3897
2922577920,29730,3.1653
2924052480,29745,3.0614
2925527040,29760,3.4613
2927001600,29775,3.2413
2928476160,29790,3.0804
2929950720,29805,3.5601
2931425280,29820,3.5507
2932899840,29835,3.2642
2934374400,29850,3.3707
2935848960,29865,3.3488
2937323520,29880,3.5231
2938798080,29895,3.3508
2940272640,29910,3.4338
2941747200,29925,3.3071
2943221760,29940,3.4080
2944696320,29955,3.5754
2946170880,29970,3.2934
2947645440,29985,3.3486
2949120000,30000,3.3308
2950594560,30015,3.4515
2952069120,30030,3.3313
2953543680,30045,3.5164
2955018240,30060,3.3740
2956492800,30075,3.4402
2957967360,30090,3.5459
2959441920,30105,3.1143
2960916480,30120,3.3028
2962391040,30135,3.0042
2963865600,30150,3.5164
2965340160,30165,3.1860
2966814720,30180,3.2051
2968289280,30195,3.2054
2969763840,30210,3.1960
2971238400,30225,3.6387
2972712960,30240,3.1910
2974187520,30255,3.4878
2975662080,30270,3.3260
2977136640,30285,3.4038
2978611200,30300,3.4626
2980085760,30315,3.2927
2981560320,30330,3.2720
2983034880,30345,3.5621
2984509440,30360,3.0937
2985984000,30375,3.2595
2987458560,30390,3.3916
2988933120,30405,3.5413
2990407680,30420,3.3852
2991882240,30435,3.3423
2993356800,30450,3.3033
2994831360,30465,3.3514
2996305920,30480,3.2286
2997780480,30495,3.2436
2999255040,30510,3.3525
3000729600,30525,3.4033
3002204160,30540,3.1986
3003678720,30555,3.4905
3005153280,30570,3.1792
3006627840,30585,3.2991
3008102400,30600,3.5696
3009576960,30615,3.4793
3011051520,30630,3.4303
3012526080,30645,3.1335
3014000640,30660,3.4206
3015475200,30675,3.1379
3016949760,30690,3.6048
3018424320,30705,3.1984
3019898880,30720,3.2592
3021373440,30735,3.3354
3022848000,30750,3.2122
3024322560,30765,3.6020
3025797120,30780,3.6100
3027271680,30795,3.4226
3028746240,30810,3.2977
3030220800,30825,3.4565
3031695360,30840,3.1689
3033169920,30855,3.3833
3034644480,30870,3.2266
3036119040,30885,3.2410
3037593600,30900,3.6744
3039068160,30915,3.4740
3040542720,30930,3.1905
3042017280,30945,3.2188
3043491840,30960,3.1791
3044966400,30975,3.3166
3046440960,30990,3.1044
3047915520,31005,3.3752
3049390080,31020,3.0573
3050864640,31035,3.3055
3052339200,31050,3.1243
3053813760,31065,3.1100
3055288320,31080,3.4133
3056762880,31095,3.4197
3058237440,31110,3.4360
3059712000,31125,3.2292
3061186560,31140,3.4489
3062661120,31155,3.2556
3064135680,31170,3.2232
3065610240,31185,3.4371
3067084800,31200,3.3013
3068559360,31215,3.1589
3070033920,31230,3.5645
3071508480,31245,3.3229
3072983040,31260,3.7186
3074457600,31275,3.4386
3075932160,31290,3.7945
3077406720,31305,3.5402
3078881280,31320,3.3667
3080355840,31335,3.4616
3081830400,31350,3.3939
3083304960,31365,3.3981
3084779520,31380,3.1354
3086254080,31395,3.3090
3087728640,31410,3.2920
3089203200,31425,3.4693
3090677760,31440,3.4293
3092152320,31455,3.0940
3093626880,31470,3.3152
3095101440,31485,3.2583
3096576000,31500,3.6093
3098050560,31515,3.1731
3099525120,31530,3.3449
3100999680,31545,3.1794
3102474240,31560,3.1488
3103948800,31575,3.6559
3105423360,31590,3.2459
3106897920,31605,3.4818
3108372480,31620,3.1926
3109847040,31635,3.2131
3111321600,31650,3.2065
3112796160,31665,3.4398
3114270720,31680,3.4530
3115745280,31695,3.3750
3117219840,31710,3.3142
3118694400,31725,3.3297
3120168960,31740,3.4046
3121643520,31755,3.4413
3123118080,31770,3.5235
3124592640,31785,3.3939
3126067200,31800,3.6671
3127541760,31815,3.3068
3129016320,31830,3.3982
3130490880,31845,3.4146
3131965440,31860,3.4522
3133440000,31875,3.4209
3134914560,31890,3.4752
3136389120,31905,3.2796
3137863680,31920,3.3590
3139338240,31935,3.0080
3140812800,31950,3.3089
3142287360,31965,3.3048
3143761920,31980,3.5044
3145236480,31995,3.4597
3146711040,32010,3.6851
3148185600,32025,3.2771
3149660160,32040,3.1525
3151134720,32055,3.2789
3152609280,32070,3.7090
3154083840,32085,3.4174
3155558400,32100,3.3002
3157032960,32115,3.4240
3158507520,32130,3.1800
3159982080,32145,3.5085
3161456640,32160,3.3015
3162931200,32175,3.2929
3164405760,32190,3.1735
3165880320,32205,3.0292
3167354880,32220,3.2063
3168829440,32235,3.4101
3170304000,32250,3.2571
3171778560,32265,3.2562
3173253120,32280,3.5663
3174727680,32295,3.2631
3176202240,32310,3.3570
3177676800,32325,3.5616
3179151360,32340,3.3452
3180625920,32355,3.4694
3182100480,32370,3.1338
3183575040,32385,3.3545
3185049600,32400,3.8671
3186524160,32415,3.3507
3187998720,32430,3.0481
3189473280,32445,3.4184
3190947840,32460,3.2941
3192422400,32475,3.2751
3193896960,32490,3.3248
3195371520,32505,3.2258
3196846080,32520,3.5735
3198320640,32535,3.4468
3199795200,32550,3.5494
3201269760,32565,3.2200
3202744320,32580,3.2909
3204218880,32595,3.5652
3205693440,32610,3.3388
3207168000,32625,3.3051
3208642560,32640,3.3717
3210117120,32655,3.4169
3211591680,32670,3.2169
3213066240,32685,3.3623
3214540800,32700,3.2354
3216015360,32715,3.2874
3217489920,32730,3.3504
3218964480,32745,3.7387
3220439040,32760,3.2384
3221913600,32775,3.2349
3223388160,32790,3.0627
3224862720,32805,3.4897
3226337280,32820,3.3883
3227811840,32835,3.4806
3229286400,32850,3.4850
3230760960,32865,3.3172
3232235520,32880,3.3103
3233710080,32895,3.2220
3235184640,32910,3.5073
3236659200,32925,3.2248
3238133760,32940,3.2055
3239608320,32955,3.3301
3241082880,32970,3.2665
3242557440,32985,3.3139
3244032000,33000,3.3609
3245506560,33015,3.3579
3246981120,33030,3.4139
3248455680,33045,3.2994
3249930240,33060,3.1540
3251404800,33075,3.1948
3252879360,33090,3.3707
3254353920,33105,3.2535
3255828480,33120,3.4159
3257303040,33135,3.4382
3258777600,33150,3.3987
3260252160,33165,3.3755
3261726720,33180,3.4337
3263201280,33195,3.3622
3264675840,33210,3.0104
3266150400,33225,3.3528
3267624960,33240,3.2308
3269099520,33255,3.4197
3270574080,33270,3.6456
3272048640,33285,3.5688
3273523200,33300,3.4368
3274997760,33315,3.3972
3276472320,33330,3.1874
3277946880,33345,3.2572
3279421440,33360,3.1792
3280896000,33375,3.2981
3282370560,33390,3.2249
3283845120,33405,3.0599
3285319680,33420,3.7578
3286794240,33435,3.2557
3288268800,33450,3.5217
3289743360,33465,2.9447
3291217920,33480,3.4881
3292692480,33495,3.2242
3294167040,33510,3.3049
3295641600,33525,3.2279
3297116160,33540,3.3406
3298590720,33555,3.2423
3300065280,33570,3.3852
3301539840,33585,3.0026
3303014400,33600,3.2969
3304488960,33615,3.0849
3305963520,33630,3.5145
3307438080,33645,3.2637
3308912640,33660,3.3294
3310387200,33675,3.2675
3311861760,33690,3.1676
3313336320,33705,3.3218
3314810880,33720,3.3435
3316285440,33735,3.1690
3317760000,33750,3.4540
3319234560,33765,3.2334
3320709120,33780,3.4684
3322183680,33795,3.1963
3323658240,33810,2.9929
3325132800,33825,3.5573
3326607360,33840,3.4607
3328081920,33855,2.9921
3329556480,33870,3.4250
3331031040,33885,3.4692
3332505600,33900,3.6226
3333980160,33915,3.3869
3335454720,33930,3.2733
3336929280,33945,3.0443
3338403840,33960,3.2861
3339878400,33975,3.5506
3341352960,33990,3.2117
3342827520,34005,3.2950
3344302080,34020,3.3779
3345776640,34035,3.3462
3347251200,34050,3.3766
3348725760,34065,3.2668
3350200320,34080,3.4041
3351674880,34095,3.4108
3353149440,34110,3.4670
3354624000,34125,3.4837
3356098560,34140,3.5514
3357573120,34155,3.4201
3359047680,34170,3.1720
3360522240,34185,3.2061
3361996800,34200,3.1190
3363471360,34215,3.2972
3364945920,34230,3.4664
3366420480,34245,3.5697
3367895040,34260,3.3502
3369369600,34275,3.4546
3370844160,34290,3.4516
3372318720,34305,3.4062
3373793280,34320,3.2019
3375267840,34335,3.1796
3376742400,34350,3.7167
3378216960,34365,3.1700
3379691520,34380,3.6398
3381166080,34395,3.2409
3382640640,34410,3.2661
3384115200,34425,3.4595
3385589760,34440,3.0722
3387064320,34455,3.2244
3388538880,34470,3.4105
3390013440,34485,3.3903
3391488000,34500,3.4577
3392962560,34515,3.6497
3394437120,34530,3.2403
3395911680,34545,2.9766
3397386240,34560,3.5825
3398860800,34575,3.5192
3400335360,34590,3.2705
3401809920,34605,3.3859
3403284480,34620,3.1918
3404759040,34635,3.1344
3406233600,34650,3.4330
3407708160,34665,3.3347
3409182720,34680,3.3217
3410657280,34695,3.4941
3412131840,34710,3.4680
3413606400,34725,3.4819
3415080960,34740,3.3986
3416555520,34755,3.4767
3418030080,34770,3.5811
3419504640,34785,3.7519
3420979200,34800,3.2830
3422453760,34815,3.6031
3423928320,34830,3.1590
3425402880,34845,3.5775
3426877440,34860,3.4269
3428352000,34875,3.2603
3429826560,34890,3.4205
3431301120,34905,3.5070
3432775680,34920,3.4083
3434250240,34935,3.4149
3435724800,34950,3.3200
3437199360,34965,3.1537
3438673920,34980,3.2497
3440148480,34995,3.6077
3441623040,35010,3.5159
3443097600,35025,3.2615
3444572160,35040,3.5121
3446046720,35055,3.1966
3447521280,35070,3.3353
3448995840,35085,3.2354
3450470400,35100,3.1224
3451944960,35115,3.1480
3453419520,35130,3.4653
3454894080,35145,3.5427
3456368640,35160,3.3968
3457843200,35175,3.1839
3459317760,35190,3.5016
3460792320,35205,3.1708
3462266880,35220,3.4526
3463741440,35235,3.1628
3465216000,35250,3.3860
3466690560,35265,3.3651
3468165120,35280,3.2372
3469639680,35295,3.5115
3471114240,35310,3.3022
3472588800,35325,3.4260
3474063360,35340,3.4008
3475537920,35355,3.3101
3477012480,35370,3.3050
3478487040,35385,3.4076
3479961600,35400,3.3985
3481436160,35415,3.2359
3482910720,35430,3.3843
3484385280,35445,3.5201
3485859840,35460,3.5492
