0,0,0.0000
1474560,15,238.0186
2949120,30,207.0426
4423680,45,154.3321
5898240,60,95.6541
7372800,75,66.4014
8847360,90,50.7730
10321920,105,41.1744
11796480,120,37.0213
13271040,135,33.2752
14745600,150,30.3016
16220160,165,30.3423
17694720,180,26.0858
19169280,195,25.5811
20643840,210,23.2181
22118400,225,21.8801
23592960,240,19.7568
25067520,255,18.6902
26542080,270,17.0598
28016640,285,15.7506
29491200,300,15.3554
30965760,315,14.4709
32440320,330,11.9916
33914880,345,11.4718
35389440,360,10.5014
36864000,375,10.8720
38338560,390,9.5253
39813120,405,8.2112
41287680,420,7.9059
42762240,435,7.5961
44236800,450,6.8427
45711360,465,7.0970
47185920,480,7.0703
48660480,495,7.4149
50135040,510,6.8249
51609600,525,6.5984
53084160,540,6.7181
54558720,555,6.5315
56033280,570,6.2152
57507840,585,6.0152
58982400,600,6.0075
60456960,615,6.5672
61931520,630,6.1251
63406080,645,5.8428
64880640,660,5.8990
66355200,675,5.5122
67829760,690,5.7213
69304320,705,5.7183
70778880,720,5.7322
72253440,735,5.5573
73728000,750,5.1721
75202560,765,5.5153
76677120,780,5.5744
78151680,795,5.3998
79626240,810,4.9709
81100800,825,5.3290
82575360,840,5.4215
84049920,855,5.1742
85524480,870,5.2618
86999040,885,4.9780
88473600,900,5.1924
89948160,915,5.3010
91422720,930,5.1979
92897280,945,5.1208
94371840,960,5.0741
95846400,975,4.8322
97320960,990,4.7191
98795520,1005,4.8952
100270080,1020,5.1821
101744640,1035,4.7782
103219200,1050,4.9787
104693760,1065,4.8757
106168320,1080,4.9782
107642880,1095,4.4944
109117440,1110,4.7500
110592000,1125,4.4825
112066560,1140,4.8419
113541120,1155,4.7694
115015680,1170,4.9641
116490240,1185,4.8458
117964800,1200,4.4034
119439360,1215,4.5290
120913920,1230,4.6481
122388480,1245,4.6838
123863040,1260,4.8612
125337600,1275,4.6500
126812160,1290,4.9313
128286720,1305,4.3552
129761280,1320,4.7274
131235840,1335,4.9108
132710400,1350,4.3436
134184960,1365,4.5087
135659520,1380,4.5848
137134080,1395,4.7962
138608640,1410,4.1704
140083200,1425,4.0329
141557760,1440,4.3330
143032320,1455,4.6416
144506880,1470,4.9018
145981440,1485,4.6872
147456000,1500,4.3460
148930560,1515,4.2032
150405120,1530,4.4739
151879680,1545,4.3243
153354240,1560,4.5194
154828800,1575,4.1365
156303360,1590,4.2313
157777920,1605,4.7057
159252480,1620,4.3335
160727040,1635,4.6288
162201600,1650,4.1786
163676160,1665,4.3474
165150720,1680,4.4193
166625280,1695,4.6113
168099840,1710,4.3844
169574400,1725,4.4115
171048960,1740,4.3393
172523520,1755,4.5219
173998080,1770,4.1830
175472640,1785,4.5049
176947200,1800,4.1911
178421760,1815,4.5651
179896320,1830,4.4880
181370880,1845,3.8614
182845440,1860,4.3943
184320000,1875,4.5297
185794560,1890,5.0099
187269120,1905,4.2624
188743680,1920,4.2833
190218240,1935,4.3076
191692800,1950,4.2989
193167360,1965,4.6007
194641920,1980,4.1228
196116480,1995,4.1628
197591040,2010,4.5749
199065600,2025,4.3543
200540160,2040,4.3373
202014720,2055,4.4212
203489280,2070,4.1921
204963840,2085,4.2040
206438400,2100,4.1294
207912960,2115,4.3708
209387520,2130,4.1680
210862080,2145,4.1404
212336640,2160,4.4340
213811200,2175,4.5627
215285760,2190,4.4521
216760320,2205,4.4515
224133120,2280,4.2232
225607680,2295,3.9932
227082240,2310,3.9324
228556800,2325,3.9651
230031360,2340,4.3325
231505920,2355,4.2186
232980480,2370,4.4282
234455040,2385,4.2569
235929600,2400,4.5376
237404160,2415,4.4578
238878720,2430,4.3139
240353280,2445,4.3824
241827840,2460,4.3362
243302400,2475,3.9267
244776960,2490,4.3350
246251520,2505,3.8123
247726080,2520,4.2433
249200640,2535,4.1817
250675200,2550,4.5183
252149760,2565,4.2380
253624320,2580,4.4381
255098880,2595,4.2371
256573440,2610,4.6231
258048000,2625,4.1944
259522560,2640,4.7239
260997120,2655,4.2230
262471680,2670,3.6161
263946240,2685,4.8591
265420800,2700,4.5252
266895360,2715,4.2530
268369920,2730,4.4100
269844480,2745,4.2781
271319040,2760,4.3704
272793600,2775,4.4444
274268160,2790,4.1839
275742720,2805,4.3198
277217280,2820,3.9287
278691840,2835,4.3503
280166400,2850,4.4666
281640960,2865,4.0372
283115520,2880,4.1685
284590080,2895,4.0003
286064640,2910,4.1611
287539200,2925,4.3532
289013760,2940,3.9943
290488320,2955,4.5927
291962880,2970,4.2788
293437440,2985,4.2732
294912000,3000,3.9899
296386560,3015,3.8237
297861120,3030,4.2178
299335680,3045,4.1237
300810240,3060,4.2008
302284800,3075,4.0828
303759360,3090,3.9875
305233920,3105,4.1993
306708480,3120,4.5029
308183040,3135,4.0105
309657600,3150,4.1982
311132160,3165,4.2369
312606720,3180,3.8861
314081280,3195,3.8167
315555840,3210,4.0283
317030400,3225,4.2919
318504960,3240,4.1392
319979520,3255,4.2961
321454080,3270,4.0321
322928640,3285,3.8611
324403200,3300,4.3574
325877760,3315,4.3037
327352320,3330,4.2723
328826880,3345,4.0641
330301440,3360,4.3744
331776000,3375,4.1883
333250560,3390,4.0277
334725120,3405,4.1562
336199680,3420,4.5720
337674240,3435,4.2787
339148800,3450,4.0720
340623360,3465,4.0122
342097920,3480,4.0195
343572480,3495,4.3786
345047040,3510,4.3456
346521600,3525,3.9268
347996160,3540,4.2467
349470720,3555,4.1847
350945280,3570,4.2823
352419840,3585,4.4444
353894400,3600,4.1727
355368960,3615,3.9766
356843520,3630,3.9936
358318080,3645,4.3305
359792640,3660,4.5147
361267200,3675,4.0123
362741760,3690,3.7202
364216320,3705,4.2510
365690880,3720,4.2154
367165440,3735,4.4213
368640000,3750,3.9534
370114560,3765,4.0353
371589120,3780,4.6348
373063680,3795,4.1337
374538240,3810,4.0820
376012800,3825,4.1626
377487360,3840,3.8127
378961920,3855,4.2463
380436480,3870,4.0336
381911040,3885,4.1329
383385600,3900,4.0055
384860160,3915,3.9325
386334720,3930,4.1842
387809280,3945,4.1207
389283840,3960,4.3196
390758400,3975,4.1301
392232960,3990,4.1895
393707520,4005,4.2257
395182080,4020,3.7012
396656640,4035,4.0987
398131200,4050,4.3683
399605760,4065,3.9312
401080320,4080,3.9764
402554880,4095,4.2087
404029440,4110,4.0186
405504000,4125,4.1131
406978560,4140,4.0457
408453120,4155,4.0849
409927680,4170,4.3189
411402240,4185,3.9101
412876800,4200,4.0738
414351360,4215,4.2684
415825920,4230,3.9416
417300480,4245,3.8868
418775040,4260,4.2570
420249600,4275,4.2416
421724160,4290,4.1142
423198720,4305,3.8520
424673280,4320,4.3173
426147840,4335,4.3175
427622400,4350,4.1326
429096960,4365,4.1212
430571520,4380,4.1295
432046080,4395,4.0817
433520640,4410,4.0199
434995200,4425,4.1063
436469760,4440,4.1320
437944320,4455,3.8632
439418880,4470,4.0019
440893440,4485,4.2236
442368000,4500,4.4412
443842560,4515,3.9311
445317120,4530,3.9255
446791680,4545,4.1498
448266240,4560,4.0841
449740800,4575,4.0666
451215360,4590,3.9434
452689920,4605,4.2939
454164480,4620,4.0444
455639040,4635,3.9921
457113600,4650,3.9384
458588160,4665,4.0475
460062720,4680,3.9347
461537280,4695,4.1952
463011840,4710,3.9939
464486400,4725,4.3124
465960960,4740,3.7573
467435520,4755,3.9403
468910080,4770,4.2762
470384640,4785,3.8315
471859200,4800,3.8063
473333760,4815,4.0162
474808320,4830,3.8602
476282880,4845,3.5818
477757440,4860,4.1499
479232000,4875,4.1770
480706560,4890,3.9981
482181120,4905,3.7742
483655680,4920,4.1941
485130240,4935,4.2166
486604800,4950,4.0661
488079360,4965,4.0389
489553920,4980,4.0592
491028480,4995,3.9808
492503040,5010,3.9151
493977600,5025,3.9637
495452160,5040,4.0250
496926720,5055,3.7817
498401280,5070,3.8847
499875840,5085,4.1038
501350400,5100,4.2879
502824960,5115,3.8226
504299520,5130,3.8237
505774080,5145,4.0501
507248640,5160,3.9840
508723200,5175,3.9807
510197760,5190,4.2926
511672320,5205,4.0791
513146880,5220,4.3682
514621440,5235,3.8459
516096000,5250,3.9423
517570560,5265,4.0204
519045120,5280,3.8279
520519680,5295,3.6449
521994240,5310,3.7262
523468800,5325,3.7617
524943360,5340,4.3050
526417920,5355,4.0416
527892480,5370,3.8266
529367040,5385,3.9782
530841600,5400,3.7626
532316160,5415,4.0510
533790720,5430,4.0268
535265280,5445,4.1378
536739840,5460,4.0063
538214400,5475,3.6183
539688960,5490,3.9974
541163520,5505,3.9984
542638080,5520,4.1817
544112640,5535,3.6838
545587200,5550,3.6812
547061760,5565,4.0669
548536320,5580,3.9073
550010880,5595,4.0225
551485440,5610,3.8175
552960000,5625,3.9922
554434560,5640,4.0506
555909120,5655,4.0208
557383680,5670,4.0325
558858240,5685,4.0395
560332800,5700,3.9150
561807360,5715,3.8679
563281920,5730,4.0181
564756480,5745,4.1615
566231040,5760,3.8232
567705600,5775,4.0261
569180160,5790,3.8543
570654720,5805,3.8414
572129280,5820,4.1249
573603840,5835,3.7145
575078400,5850,3.8282
576552960,5865,4.0755
578027520,5880,3.7368
579502080,5895,3.6533
580976640,5910,4.0398
582451200,5925,4.0313
583925760,5940,3.8919
585400320,5955,3.6752
586874880,5970,4.0786
588349440,5985,4.1060
589824000,6000,3.9484
591298560,6015,3.9268
592773120,6030,3.9410
594247680,6045,3.8894
595722240,6060,3.8261
597196800,6075,3.8599
598671360,6090,3.9269
600145920,6105,3.6741
601620480,6120,3.8044
603095040,6135,4.0083
604569600,6150,4.1967
606044160,6165,3.6966
607518720,6180,3.6944
608993280,6195,3.9332
610467840,6210,3.8460
611942400,6225,3.8510
613416960,6240,4.1392
614891520,6255,3.9086
616366080,6270,4.2602
617840640,6285,3.6699
619315200,6300,3.8055
620789760,6315,3.8777
622264320,6330,3.6939
623738880,6345,3.4915
625213440,6360,3.5760
626688000,6375,3.5943
628162560,6390,4.1250
629637120,6405,3.8909
631111680,6420,3.6820
632586240,6435,3.8391
634060800,6450,3.6115
635535360,6465,3.9191
637009920,6480,3.8868
638484480,6495,3.9877
639959040,6510,3.8632
641433600,6525,3.4688
642908160,6540,3.8457
644382720,6555,4.0449
645857280,6570,3.8396
647331840,6585,3.7737
648806400,6600,3.7292
650280960,6615,3.7889
651755520,6630,3.7387
653230080,6645,3.9615
654704640,6660,3.7830
656179200,6675,4.0982
657653760,6690,3.9305
659128320,6705,3.8951
660602880,6720,3.8964
662077440,6735,3.8340
663552000,6750,3.3927
665026560,6765,3.8406
666501120,6780,3.3552
667975680,6795,3.7941
669450240,6810,3.6536
670924800,6825,3.9518
672399360,6840,3.7317
673873920,6855,4.0773
675348480,6870,3.7853
676823040,6885,4.0282
678297600,6900,3.6527
679772160,6915,4.0765
681246720,6930,3.7996
682721280,6945,3.2312
684195840,6960,4.3870
685670400,6975,4.0356
687144960,6990,3.7239
688619520,7005,3.9374
690094080,7020,3.8100
691568640,7035,3.9530
693043200,7050,3.8969
694517760,7065,3.6827
695992320,7080,3.8276
697466880,7095,3.4274
698941440,7110,3.9212
700416000,7125,4.0536
701890560,7140,3.4732
703365120,7155,3.6887
704839680,7170,3.5584
706314240,7185,3.6908
707788800,7200,3.8613
709263360,7215,3.5002
710737920,7230,4.1846
712212480,7245,3.7796
713687040,7260,3.8828
715161600,7275,3.5448
716636160,7290,3.3348
718110720,7305,3.7981
719585280,7320,3.6826
721059840,7335,3.7245
722534400,7350,3.6398
724008960,7365,3.4550
725483520,7380,3.6987
726958080,7395,4.0558
728432640,7410,3.5461
729907200,7425,3.6961
731381760,7440,3.7366
732856320,7455,3.4629
734330880,7470,3.3267
735805440,7485,3.4874
737280000,7500,3.8565
738754560,7515,3.7031
740229120,7530,3.8183
741703680,7545,3.6247
743178240,7560,3.4295
744652800,7575,3.9715
746127360,7590,3.8210
747601920,7605,3.8310
749076480,7620,3.6193
750551040,7635,3.9082
752025600,7650,3.7612
753500160,7665,3.5931
754974720,7680,3.7287
756449280,7695,4.1623
757923840,7710,3.8457
759398400,7725,3.6345
760872960,7740,3.6127
762347520,7755,3.5495
763822080,7770,3.8715
765296640,7785,3.9188
766771200,7800,3.4535
768245760,7815,3.7929
769720320,7830,3.7585
771194880,7845,3.7543
772669440,7860,3.9650
774144000,7875,3.6827
775618560,7890,3.5148
777093120,7905,3.5094
778567680,7920,3.9019
780042240,7935,4.0707
781516800,7950,3.5952
782991360,7965,3.2967
784465920,7980,3.8010
785940480,7995,3.7625
787415040,8010,3.9387
788889600,8025,3.5162
790364160,8040,3.5764
791838720,8055,4.1918
793313280,8070,3.6403
794787840,8085,3.6216
796262400,8100,3.7378
797736960,8115,3.3410
799211520,8130,3.7412
800686080,8145,3.5761
802160640,8160,3.6561
803635200,8175,3.5661
805109760,8190,3.5379
806584320,8205,3.7520
808058880,8220,3.6458
809533440,8235,3.7865
811008000,8250,3.6741
812482560,8265,3.7539
813957120,8280,3.7289
815431680,8295,3.2567
816906240,8310,3.6019
818380800,8325,3.9237
819855360,8340,3.5061
821329920,8355,3.5150
822804480,8370,3.7323
824279040,8385,3.5713
825753600,8400,3.6002
827228160,8415,3.8649
828702720,8430,3.5075
830177280,8445,3.7400
831651840,8460,3.7035
833126400,8475,3.7620
834600960,8490,3.5810
836075520,8505,3.4930
837550080,8520,3.6846
839024640,8535,3.5384
840499200,8550,3.6802
841973760,8565,3.6595
843448320,8580,3.8010
844922880,8595,3.5305
846397440,8610,3.7958
847872000,8625,3.9436
849346560,8640,3.4925
850821120,8655,3.6332
852295680,8670,3.1960
853770240,8685,3.5798
855244800,8700,3.4790
856719360,8715,3.9267
858193920,8730,3.7544
859668480,8745,3.6400
861143040,8760,3.8314
862617600,8775,3.7255
